32
0 1910 1215 1711 1202 1344 1655 1321 1968 1434 1924 1081 1891 1555 1809 1814 1951 1258 1462 1183 1559 1243 1635 1569 1219 2039 1331 1974 1420 1128 1628 1669 
1910 0 1193 2027 1801 1898 1470 1592 1757 1162 1517 1851 1954 1112 1242 1686 1738 1884 1827 1529 1979 1590 1739 1122 1610 1543 1601 1996 1099 1495 1067 1731 
1215 1193 0 1417 1480 1509 1964 1066 1806 1710 1887 1835 1579 1588 1385 1532 1521 1630 1503 1552 1109 1730 1649 1260 1885 1640 1411 1438 1641 2013 1135 1090 
1711 2027 1417 0 1330 1355 1716 1723 1856 1713 1879 1233 1123 1504 1502 1129 2009 1752 1982 1619 1656 1862 1931 1337 1354 1999 1955 1256 1077 2014 1350 1443 
1202 1801 1480 1330 0 1346 1051 1995 1140 1050 1930 1572 1958 1934 1959 1435 1637 1224 2021 1084 1842 1554 2017 2022 1042 1949 1163 1501 1105 1104 1742 1909 
1344 1898 1509 1355 1346 0 1323 1491 1937 1839 1088 1267 1121 1894 1167 2006 1528 1858 1685 1675 1962 1875 1115 1616 1575 1490 1689 1444 1983 1658 1720 1915 
1655 1470 1964 1716 1051 1323 0 1272 1735 1372 1531 1300 1060 1184 1724 1457 1765 1992 2002 1599 1137 1453 1072 1727 1965 1942 1399 1857 1467 1691 2047 1204 
1321 1592 1066 1723 1995 1491 1272 0 1791 1211 2015 1276 1808 1762 1117 1311 1064 1130 1650 1252 1071 1102 1034 1834 1472 1132 1516 1413 1114 1694 1646 1316 
1968 1757 1806 1856 1140 1937 1735 1791 0 1751 1661 1269 1923 1583 1035 1890 1078 1318 1031 1425 1780 1679 1781 1368 1357 1880 1749 1698 1247 1508 1935 1307 
1434 1162 1710 1713 1050 1839 1372 1211 1751 0 1231 1351 1174 1975 1065 1471 1550 1210 1116 1427 1241 2032 1736 1853 1047 1666 1492 1700 1082 1297 1127 1986 
1924 1517 1887 1879 1930 1088 1531 2015 1661 1231 0 1131 1196 1580 1225 1660 1620 1725 1977 1647 1912 1767 1218 1645 1083 1828 1312 1032 1704 1777 1313 1216 
1081 1851 1835 1233 1572 1267 1300 1276 1269 1351 1131 0 1820 1292 1158 1648 1134 1409 1173 1769 1400 1877 1363 1609 1976 1672 1578 1807 1213 1558 1259 1854 
1891 1954 1579 1123 1958 1121 1060 1808 1923 1174 1196 1820 0 1124 1810 1916 1946 1476 1194 1075 1275 1904 1261 2033 1070 1379 1164 1426 1779 1536 1277 2007 
1555 1112 1588 1504 1934 1894 1184 1762 1583 1975 1580 1292 1124 0 1455 1111 1576 1567 1960 1273 1024 1866 1126 2001 1874 1304 1634 1250 1418 1489 1119 1743 
1809 1242 1385 1502 1959 1167 1724 1117 1035 1065 1225 1158 1810 1455 0 1919 1825 1029 1431 1445 1726 1328 1961 1159 1989 1144 1800 1970 1033 1882 1728 1359 
1814 1686 1532 1129 1435 2006 1457 1311 1890 1471 1660 1648 1916 1111 1919 0 1952 1514 1631 1659 1939 1911 1674 1461 1548 1373 1771 2038 1093 1798 1896 1398 
1951 1738 1521 2009 1637 1528 1765 1064 1078 1550 1620 1134 1946 1576 1825 1952 0 1303 1371 1180 1981 1487 1865 1848 1843 1844 1903 1422 1766 1633 1416 1246 
1258 1884 1630 1752 1224 1858 1992 1130 1318 1210 1725 1409 1476 1567 1029 1514 1303 0 1863 1607 1094 1895 1553 1525 1449 1615 1953 1089 1446 1228 1744 1613 
1462 1827 1503 1982 2021 1685 2002 1650 1031 1116 1977 1173 1194 1960 1431 1631 1371 1863 0 1392 1805 1430 1484 1819 1334 1370 1914 1076 1889 1823 1348 1714 
1183 1529 1552 1619 1084 1675 1599 1252 1425 1427 1647 1769 1075 1273 1445 1659 1180 1607 1392 0 1249 1345 1295 1146 1142 1899 1206 1338 1622 1973 1624 1332 
1559 1979 1109 1656 1842 1962 1137 1071 1780 1241 1912 1400 1275 1024 1726 1939 1981 1094 1805 1249 0 1621 1181 1235 2036 1147 1168 1906 1662 2037 1025 1342 
1243 1590 1730 1862 1554 1875 1453 1102 1679 2032 1767 1877 1904 1866 1328 1911 1487 1895 1430 1345 1621 0 1361 1349 1969 1150 1054 1309 1561 1859 2029 1152 
1635 1739 1649 1931 2017 1115 1072 1034 1781 1736 1218 1363 1261 1126 1961 1674 1865 1553 1484 1295 1181 1361 0 1753 1581 1465 1830 1153 1849 1604 1274 1028 
1569 1122 1260 1337 2022 1616 1727 1834 1368 1853 1645 1609 2033 2001 1159 1461 1848 1525 1819 1146 1235 1349 1753 0 1058 1840 1477 1284 1886 1026 1761 1452 
1219 1610 1885 1354 1042 1575 1965 1472 1357 1047 1083 1976 1070 1874 1989 1548 1843 1449 1334 1142 2036 1969 1581 1058 0 1494 1387 1537 2000 1764 1984 1932 
2039 1543 1640 1999 1949 1490 1942 1132 1880 1666 1828 1672 1379 1304 1144 1373 1844 1615 1370 1899 1147 1150 1465 1840 1494 0 1878 1513 1596 1783 1408 1367 
1331 1601 1411 1955 1163 1689 1399 1516 1749 1492 1312 1578 1164 1634 1800 1771 1903 1953 1914 1206 1168 1054 1830 1477 1387 1878 0 1670 1677 1701 1654 1760 
1974 1996 1438 1256 1501 1444 1857 1413 1698 1700 1032 1807 1426 1250 1970 2038 1422 1089 1076 1338 1906 1309 1153 1284 1537 1513 1670 0 2008 1947 1956 1657 
1420 1099 1641 1077 1105 1983 1467 1114 1247 1082 1704 1213 1779 1418 1033 1093 1766 1446 1889 1622 1662 1561 1849 1886 2000 1596 1677 2008 0 1815 2016 1172 
1128 1495 2013 2014 1104 1658 1691 1694 1508 1297 1777 1558 1536 1489 1882 1798 1633 1228 1823 1973 2037 1859 1604 1026 1764 1783 1701 1947 1815 0 1565 1925 
1628 1067 1135 1350 1742 1720 2047 1646 1935 1127 1313 1259 1277 1119 1728 1896 1416 1744 1348 1624 1025 2029 1274 1761 1984 1408 1654 1956 2016 1565 0 1917 
1669 1731 1090 1443 1909 1915 1204 1316 1307 1986 1216 1854 2007 1743 1359 1398 1246 1613 1714 1332 1342 1152 1028 1452 1932 1367 1760 1657 1172 1925 1917 0 
